07/09/2021 09:00,Leeds,Angelina Riggan,"Large Chai latte - 2.60, Large Filter coffee - 1.80, Regular Hot Chocolate - 1.40",5.8,CARD,5944046884960766
07/09/2021 09:01,Leeds,Robert Harris,Large Hot Chocolate - 1.70,1.7,CARD,5229713955943005
07/09/2021 09:03,Leeds,Patrice Page,"Large Filter coffee - 1.80, Large Hot Chocolate - 1.70, Regular Filter coffee - 1.50, Regular Filter coffee - 1.50",6.5,CARD,4609458006189935
07/09/2021 09:04,Leeds,Lelia Powell,"Regular Hot Chocolate - 1.40, Regular Hot Chocolate - 1.40, Large Iced americano - 2.50, Regular Hot Chocolate - 1.40",6.7,CASH,
07/09/2021 09:06,Leeds,John Amari,"Regular Filter coffee - 1.50, Regular Chai latte - 2.30, Regular Filter coffee - 1.50, Large Hot Chocolate - 1.70",7.0,CARD,6031327780268810
07/09/2021 09:08,Leeds,Sheila Preston,"Regular Hot Chocolate - 1.40, Large Filter coffee - 1.80",3.2,CASH,
07/09/2021 09:09,Leeds,Mitchel Andrews,"Large Speciality Tea - English breakfast - 1.60, Large Iced americano - 2.50, Large Speciality Tea - English breakfast - 1.60, Regular Chai latte - 2.30",8.0,CARD,2969954994175033
07/09/2021 09:11,Leeds,Irene Morris,"Large Filter coffee - 1.80, Large Iced americano - 2.50, Large Hot Chocolate - 1.70",6.0,CARD,7348516035587541
07/09/2021 09:12,Leeds,Peter Thomas,"Regular Filter coffee - 1.50, Large Iced americano - 2.50",4.0,CARD,4484898895477449
07/09/2021 09:14,Leeds,Troy Martin,Regular Filter coffee - 1.50,1.5,CARD,7377299968801325
07/09/2021 09:16,Leeds,Ryan Keil,"Regular Hot Chocolate - 1.40, Large Filter coffee - 1.80, Large Speciality Tea - English breakfast - 1.60",4.8,CASH,
07/09/2021 09:17,Leeds,James Schiavo,"Large Speciality Tea - English breakfast - 1.60, Regular Hot Chocolate - 1.40, Large Iced americano - 2.50, Large Filter coffee - 1.80, Large Speciality Tea - English breakfast - 1.60, Large Iced americano - 2.50",11.4,CARD,6909551041549309
07/09/2021 09:19,Leeds,Anthony Bussey,"Regular Iced americano - 2.15, Regular Hot Chocolate - 1.40",3.55,CASH,
07/09/2021 09:21,Leeds,Patrick Coleman,"Regular Chai latte - 2.30, Large Chai latte - 2.60, Regular Chai latte - 2.30, Regular Hot Chocolate - 1.40",8.6,CARD,8024820287938426
07/09/2021 09:22,Leeds,Anthony Jones,"Regular Filter coffee - 1.50, Regular Chai latte - 2.30",3.8,CASH,
07/09/2021 09:24,Leeds,Kenneth Saunders,"Large Chai latte - 2.60, Large Chai latte - 2.60, Regular Chai latte - 2.30",7.5,CASH,
07/09/2021 09:25,Leeds,Juanita Kenne,"Regular Speciality Tea - English breakfast - 1.30, Large Chai latte - 2.60, Regular Iced americano - 2.15, Regular Chai latte - 2.30",8.35,CARD,3813186533219211
07/09/2021 09:27,Leeds,Helen Smith,Large Filter coffee - 1.80,1.8,CARD,4223239047811491
07/09/2021 09:29,Leeds,Jose Henry,"Large Filter coffee - 1.80, Large Filter coffee - 1.80",3.6,CASH,
07/09/2021 09:30,Leeds,Marlon Bishop,"Large Iced americano - 2.50, Regular Iced americano - 2.15, Regular Filter coffee - 1.50, Regular Hot Chocolate - 1.40, Large Filter coffee - 1.80, Large Filter coffee - 1.80",11.15,CASH,
07/09/2021 09:32,Leeds,Jane Oneill,"Large Filter coffee - 1.80, Large Chai latte - 2.60, Large Iced americano - 2.50, Large Iced americano - 2.50, Regular Speciality Tea - English breakfast - 1.30",10.7,CASH,
07/09/2021 09:33,Leeds,Jose Garcia,Regular Filter coffee - 1.50,1.5,CARD,4971271023438665
07/09/2021 09:35,Leeds,Francisco Anaya,"Regular Speciality Tea - English breakfast - 1.30, Regular Speciality Tea - English breakfast - 1.30, Large Speciality Tea - English breakfast - 1.60, Regular Chai latte - 2.30",6.5,CARD,7445138807172750
07/09/2021 09:37,Leeds,Mable Devore,"Regular Chai latte - 2.30, Regular Iced americano - 2.15, Regular Iced americano - 2.15, Large Chai latte - 2.60, Regular Filter coffee - 1.50, Large Filter coffee - 1.80",12.5,CARD,6820406446850177
07/09/2021 09:38,Leeds,Patricia Thomas,Regular Filter coffee - 1.50,1.5,CARD,2811920686885054
07/09/2021 09:40,Leeds,Barbara Knight,"Large Filter coffee - 1.80, Large Iced americano - 2.50",4.3,CARD,7881758045563714
07/09/2021 09:42,Leeds,Kim Bartoletti,"Regular Chai latte - 2.30, Large Chai latte - 2.60",4.9,CARD,7658625929025690
07/09/2021 09:43,Leeds,James Fulton,"Regular Chai latte - 2.30, Regular Filter coffee - 1.50, Regular Hot Chocolate - 1.40",5.2,CARD,2281290339186173
07/09/2021 09:45,Leeds,Diana Dewall,"Large Hot Chocolate - 1.70, Regular Hot Chocolate - 1.40",3.1,CASH,
07/09/2021 09:46,Leeds,Allen Craig,"Regular Speciality Tea - English breakfast - 1.30, Large Iced americano - 2.50",3.8,CARD,4754348906642615
07/09/2021 09:48,Leeds,Cameron Chessman,Regular Speciality Tea - English breakfast - 1.30,1.3,CARD,8141643970856401
07/09/2021 09:50,Leeds,Robert Rehkop,"Large Speciality Tea - English breakfast - 1.60, Large Speciality Tea - English breakfast - 1.60, Large Speciality Tea - English breakfast - 1.60",4.8,CARD,9892524585000258
07/09/2021 09:51,Leeds,Pauline Santana,"Regular Filter coffee - 1.50, Large Iced americano - 2.50",4.0,CASH,
07/09/2021 09:53,Leeds,Charles Wooten,Large Iced americano - 2.50,2.5,CARD,8094411887576192
07/09/2021 09:54,Leeds,James Dotson,"Large Hot Chocolate - 1.70, Regular Speciality Tea - English breakfast - 1.30, Regular Chai latte - 2.30, Regular Hot Chocolate - 1.40",6.7,CARD,9265860513289751
07/09/2021 09:56,Leeds,Francis Williams,"Regular Filter coffee - 1.50, Regular Speciality Tea - English breakfast - 1.30, Large Filter coffee - 1.80, Large Iced americano - 2.50, Large Chai latte - 2.60",9.7,CARD,4564070760401129
07/09/2021 09:58,Leeds,Lauren Slagle,"Large Chai latte - 2.60, Regular Speciality Tea - English breakfast - 1.30, Large Speciality Tea - English breakfast - 1.60",5.5,CARD,1736597400034412
07/09/2021 09:59,Leeds,Mary Smith,"Large Speciality Tea - English breakfast - 1.60, Large Hot Chocolate - 1.70",3.3,CARD,5628096092988136
07/09/2021 10:01,Leeds,Ignacio Mendez,"Large Hot Chocolate - 1.70, Regular Speciality Tea - English breakfast - 1.30, Large Speciality Tea - English breakfast - 1.60, Large Filter coffee - 1.80",6.4,CARD,7037397851866434
07/09/2021 10:02,Leeds,Ivan Davila,Large Hot Chocolate - 1.70,1.7,CARD,5874790423747710
07/09/2021 10:03,Leeds,Keith Board,"Large Iced americano - 2.50, Regular Filter coffee - 1.50, Regular Iced americano - 2.15, Large Filter coffee - 1.80, Large Iced americano - 2.50, Large Chai latte - 2.60",13.05,CARD,2181707152377905
07/09/2021 10:04,Leeds,Derrick Etheridge,"Large Hot Chocolate - 1.70, Regular Filter coffee - 1.50, Regular Speciality Tea - English breakfast - 1.30",4.5,CASH,
07/09/2021 10:05,Leeds,Laverne Stivers,Regular Hot Chocolate - 1.40,1.4,CASH,
07/09/2021 10:06,Leeds,Inez Lewis,"Regular Speciality Tea - English breakfast - 1.30, Large Filter coffee - 1.80",3.1,CARD,9783327251743546
07/09/2021 10:07,Leeds,Jason Purcell,"Large Speciality Tea - English breakfast - 1.60, Large Filter coffee - 1.80",3.4,CARD,9257112583248189
07/09/2021 10:08,Leeds,Ralph Hunt,"Large Filter coffee - 1.80, Regular Chai latte - 2.30",4.1,CASH,
07/09/2021 10:09,Leeds,Karen Carlson,Large Filter coffee - 1.80,1.8,CARD,8136222943145528
07/09/2021 10:11,Leeds,Mary Reffett,"Large Chai latte - 2.60, Large Filter coffee - 1.80",4.4,CARD,8760475300539251
07/09/2021 10:12,Leeds,Jennifer White,"Large Speciality Tea - English breakfast - 1.60, Regular Filter coffee - 1.50",3.1,CARD,9937967116739806
07/09/2021 10:13,Leeds,Traci Allen,"Large Filter coffee - 1.80, Large Filter coffee - 1.80",3.6,CARD,6109169401697499
07/09/2021 10:14,Leeds,Wilma Coffey,"Large Speciality Tea - English breakfast - 1.60, Regular Filter coffee - 1.50, Regular Hot Chocolate - 1.40, Regular Speciality Tea - English breakfast - 1.30, Regular Filter coffee - 1.50, Regular Chai latte - 2.30",9.6,CARD,4830708378425625
07/09/2021 10:15,Leeds,Dana Avila,"Large Chai latte - 2.60, Regular Chai latte - 2.30",4.9,CASH,
07/09/2021 10:16,Leeds,Barbara Druck,"Regular Iced americano - 2.15, Regular Filter coffee - 1.50, Large Hot Chocolate - 1.70, Regular Speciality Tea - English breakfast - 1.30",6.65,CASH,
07/09/2021 10:17,Leeds,Henry Tang,"Regular Chai latte - 2.30, Large Chai latte - 2.60, Large Hot Chocolate - 1.70, Large Speciality Tea - English breakfast - 1.60, Large Chai latte - 2.60, Regular Iced americano - 2.15",12.95,CARD,2993493988711382
07/09/2021 10:18,Leeds,Tammie Conroy,Large Hot Chocolate - 1.70,1.7,CARD,2186404474315404
07/09/2021 10:19,Leeds,Margaret Blackburn,"Large Chai latte - 2.60, Large Filter coffee - 1.80, Large Hot Chocolate - 1.70, Large Speciality Tea - English breakfast - 1.60",7.7,CASH,
07/09/2021 10:20,Leeds,Judith Kahaleua,"Regular Filter coffee - 1.50, Large Iced americano - 2.50, Regular Speciality Tea - English breakfast - 1.30",5.3,CARD,2608435728501894
07/09/2021 10:21,Leeds,Marie Bedolla,"Regular Hot Chocolate - 1.40, Regular Hot Chocolate - 1.40, Large Hot Chocolate - 1.70, Large Filter coffee - 1.80",6.3,CARD,8766372435426427
07/09/2021 10:22,Leeds,Winnie Cobos,Regular Chai latte - 2.30,2.3,CARD,4326537545918102
07/09/2021 10:23,Leeds,Jessica Wallace,"Large Hot Chocolate - 1.70, Regular Chai latte - 2.30, Regular Filter coffee - 1.50",5.5,CARD,1989643309418030
07/09/2021 10:24,Leeds,Wallace Marquez,"Large Speciality Tea - English breakfast - 1.60, Regular Speciality Tea - English breakfast - 1.30, Regular Speciality Tea - English breakfast - 1.30",4.2,CARD,8742163210172737
07/09/2021 10:25,Leeds,Theresa Smith,"Regular Filter coffee - 1.50, Regular Iced americano - 2.15, Large Hot Chocolate - 1.70",5.35,CASH,
07/09/2021 10:27,Leeds,Angela Lawson,Regular Filter coffee - 1.50,1.5,CARD,6960759110646070
07/09/2021 10:28,Leeds,Phillip Dick,Regular Speciality Tea - English breakfast - 1.30,1.3,CARD,1159042976639332
07/09/2021 10:29,Leeds,Karen Schey,"Regular Filter coffee - 1.50, Large Chai latte - 2.60, Regular Filter coffee - 1.50",5.6,CARD,2980976666814298
07/09/2021 10:30,Leeds,David Matthews,"Large Iced americano - 2.50, Regular Iced americano - 2.15, Regular Hot Chocolate - 1.40, Large Chai latte - 2.60",8.65,CARD,7969891036391532
07/09/2021 10:31,Leeds,John Holmes,"Large Hot Chocolate - 1.70, Large Chai latte - 2.60, Large Iced americano - 2.50, Regular Hot Chocolate - 1.40, Regular Speciality Tea - English breakfast - 1.30",9.5,CARD,9682887552535434
07/09/2021 10:32,Leeds,Bobby Pond,"Large Filter coffee - 1.80, Regular Filter coffee - 1.50, Regular Hot Chocolate - 1.40, Large Iced americano - 2.50",7.2,CARD,7668810938145585
07/09/2021 10:33,Leeds,Matthew Trammell,"Regular Chai latte - 2.30, Regular Chai latte - 2.30",4.6,CASH,
07/09/2021 10:34,Leeds,Barbara Barre,"Large Iced americano - 2.50, Regular Hot Chocolate - 1.40, Regular Iced americano - 2.15, Regular Filter coffee - 1.50",7.55,CARD,4738217914479194
07/09/2021 10:35,Leeds,Christopher Nichols,Regular Hot Chocolate - 1.40,1.4,CASH,
07/09/2021 10:36,Leeds,Deborah Hartis,"Large Chai latte - 2.60, Large Filter coffee - 1.80, Large Chai latte - 2.60, Regular Iced americano - 2.15",9.15,CARD,1523939268214028
07/09/2021 10:37,Leeds,Lindsay Turner,"Large Hot Chocolate - 1.70, Regular Filter coffee - 1.50",3.2,CARD,5935469728772251
07/09/2021 10:38,Leeds,Gerald Phillips,Regular Speciality Tea - English breakfast - 1.30,1.3,CARD,8783653086730852
07/09/2021 10:39,Leeds,Marilyn Lindgren,"Regular Hot Chocolate - 1.40, Regular Iced americano - 2.15, Large Hot Chocolate - 1.70, Regular Speciality Tea - English breakfast - 1.30, Regular Hot Chocolate - 1.40, Regular Hot Chocolate - 1.40",9.35,CASH,
07/09/2021 10:40,Leeds,Sarah Stehle,Regular Hot Chocolate - 1.40,1.4,CARD,8515305055311306
07/09/2021 10:41,Leeds,Bryon Mckinney,"Regular Filter coffee - 1.50, Large Chai latte - 2.60, Large Hot Chocolate - 1.70, Large Chai latte - 2.60, Large Chai latte - 2.60",11.0,CARD,5492484569957312
07/09/2021 10:43,Leeds,Harold Adamski,"Large Chai latte - 2.60, Regular Filter coffee - 1.50",4.1,CARD,5593179908217229
07/09/2021 10:44,Leeds,Ella Losada,"Large Iced americano - 2.50, Large Filter coffee - 1.80, Regular Iced americano - 2.15, Large Iced americano - 2.50",8.95,CARD,4480670809276967
07/09/2021 10:45,Leeds,Ruth Campbell,"Large Iced americano - 2.50, Large Filter coffee - 1.80",4.3,CARD,5288260742740260
07/09/2021 10:46,Leeds,Pablo Cressman,Large Iced americano - 2.50,2.5,CARD,7855256452795487
07/09/2021 10:47,Leeds,Laura Beckman,"Large Filter coffee - 1.80, Large Hot Chocolate - 1.70, Large Hot Chocolate - 1.70",5.2,CARD,4114621079323058
07/09/2021 10:48,Leeds,Sara Fleming,Regular Filter coffee - 1.50,1.5,CARD,4411174705517667
07/09/2021 10:49,Leeds,Richard Adams,"Regular Speciality Tea - English breakfast - 1.30, Large Chai latte - 2.60",3.9,CASH,
07/09/2021 10:50,Leeds,Albert Macias,"Regular Chai latte - 2.30, Regular Iced americano - 2.15",4.45,CARD,8353310237633861
07/09/2021 10:51,Leeds,Allison Starks,Large Iced americano - 2.50,2.5,CARD,7884276727928815
07/09/2021 10:52,Leeds,Joseph Tafoya,Large Filter coffee - 1.80,1.8,CARD,3742290927786354
07/09/2021 10:53,Leeds,Michael Runyan,"Regular Speciality Tea - English breakfast - 1.30, Regular Iced americano - 2.15, Large Hot Chocolate - 1.70",5.15,CARD,3129507757272268
07/09/2021 10:54,Leeds,William Albert,"Regular Speciality Tea - English breakfast - 1.30, Regular Iced americano - 2.15, Large Chai latte - 2.60",6.05,CARD,4051462704348617
07/09/2021 10:55,Leeds,Annabelle Russell,"Large Speciality Tea - English breakfast - 1.60, Large Iced americano - 2.50, Large Chai latte - 2.60, Regular Chai latte - 2.30",9.0,CASH,
07/09/2021 10:56,Leeds,Michele Netto,Regular Iced americano - 2.15,2.15,CASH,
07/09/2021 10:57,Leeds,Betty Guzman,"Large Chai latte - 2.60, Regular Filter coffee - 1.50, Regular Filter coffee - 1.50",5.6,CARD,6272040672238915
07/09/2021 10:59,Leeds,Steven Dunn,"Regular Filter coffee - 1.50, Large Hot Chocolate - 1.70, Large Filter coffee - 1.80, Large Filter coffee - 1.80",6.8,CASH,
07/09/2021 11:00,Leeds,Ellen Peale,"Regular Chai latte - 2.30, Regular Filter coffee - 1.50",3.8,CARD,7988707278168654
07/09/2021 11:04,Leeds,Sadie Johnson,"Regular Filter coffee - 1.50, Large Filter coffee - 1.80, Large Speciality Tea - English breakfast - 1.60, Regular Filter coffee - 1.50",6.4,CARD,5055957999421058
07/09/2021 11:08,Leeds,Mary Bailey,"Large Filter coffee - 1.80, Large Hot Chocolate - 1.70, Regular Chai latte - 2.30",5.8,CARD,5278653620400894
07/09/2021 11:12,Leeds,Jessica Romero,"Regular Speciality Tea - English breakfast - 1.30, Large Chai latte - 2.60, Regular Iced americano - 2.15",6.05,CARD,4497532878503945
07/09/2021 11:16,Leeds,Roberto Roseberry,"Regular Chai latte - 2.30, Regular Filter coffee - 1.50, Large Chai latte - 2.60, Regular Hot Chocolate - 1.40, Large Hot Chocolate - 1.70",9.5,CASH,
07/09/2021 11:20,Leeds,Luis Medrano,"Regular Speciality Tea - English breakfast - 1.30, Large Chai latte - 2.60, Large Filter coffee - 1.80, Large Iced americano - 2.50, Regular Filter coffee - 1.50, Large Speciality Tea - English breakfast - 1.60",11.3,CARD,5605998918488955
07/09/2021 11:24,Leeds,Sheila Brooks,Large Hot Chocolate - 1.70,1.7,CASH,
07/09/2021 11:28,Leeds,Calvin Davis,"Regular Chai latte - 2.30, Large Hot Chocolate - 1.70, Large Filter coffee - 1.80, Regular Filter coffee - 1.50, Large Speciality Tea - English breakfast - 1.60, Regular Filter coffee - 1.50",10.4,CARD,1096835658533689
07/09/2021 11:32,Leeds,Rocky Shimizu,"Regular Filter coffee - 1.50, Regular Hot Chocolate - 1.40, Large Filter coffee - 1.80, Regular Chai latte - 2.30",7.0,CARD,7827173368990814
07/09/2021 11:36,Leeds,Samuel Forest,Large Filter coffee - 1.80,1.8,CASH,
07/09/2021 11:40,Leeds,Dennis Bernal,Regular Filter coffee - 1.50,1.5,CARD,3226002297040898
07/09/2021 11:44,Leeds,Patricia Phillips,"Large Filter coffee - 1.80, Large Hot Chocolate - 1.70",3.5,CARD,5251887068877823
07/09/2021 11:48,Leeds,Charles Acker,"Large Speciality Tea - English breakfast - 1.60, Large Speciality Tea - English breakfast - 1.60, Regular Filter coffee - 1.50, Large Hot Chocolate - 1.70",6.4,CARD,9366641679764288
07/09/2021 11:52,Leeds,Frankie Blanding,Large Filter coffee - 1.80,1.8,CARD,7426396237250946
07/09/2021 11:56,Leeds,Craig Kenworthy,"Regular Hot Chocolate - 1.40, Regular Chai latte - 2.30, Large Filter coffee - 1.80",5.5,CARD,8010481152231442
07/09/2021 12:00,Leeds,Nancy Stamour,Regular Iced americano - 2.15,2.15,CARD,6961932773079406
07/09/2021 12:01,Leeds,Stella Lesher,"Regular Chai latte - 2.30, Large Filter coffee - 1.80",4.1,CASH,
07/09/2021 12:03,Leeds,Suzanne Smallwood,"Large Hot Chocolate - 1.70, Large Filter coffee - 1.80",3.5,CASH,
07/09/2021 12:05,Leeds,Latonia Anderson,"Regular Chai latte - 2.30, Regular Iced americano - 2.15",4.45,CASH,
07/09/2021 12:06,Leeds,Susan Thompson,"Regular Chai latte - 2.30, Large Chai latte - 2.60, Large Filter coffee - 1.80, Large Chai latte - 2.60, Large Speciality Tea - English breakfast - 1.60, Large Chai latte - 2.60",13.5,CASH,
07/09/2021 12:08,Leeds,Robert Smith,Regular Filter coffee - 1.50,1.5,CASH,
07/09/2021 12:10,Leeds,Nicole Cabe,"Large Iced americano - 2.50, Regular Chai latte - 2.30, Regular Speciality Tea - English breakfast - 1.30, Large Filter coffee - 1.80, Large Chai latte - 2.60",10.5,CARD,5007437300483728
07/09/2021 12:11,Leeds,Beverly Ortega,"Regular Iced americano - 2.15, Regular Filter coffee - 1.50",3.65,CARD,4244116176821060
07/09/2021 12:13,Leeds,Edward Billings,"Large Filter coffee - 1.80, Regular Filter coffee - 1.50, Large Speciality Tea - English breakfast - 1.60",4.9,CARD,9792502647166388
07/09/2021 12:15,Leeds,Cora Caddle,"Large Filter coffee - 1.80, Regular Chai latte - 2.30",4.1,CASH,
07/09/2021 12:16,Leeds,Leandra Weinstein,Large Speciality Tea - English breakfast - 1.60,1.6,CARD,7504402453836989
07/09/2021 12:18,Leeds,Susan Lapierre,"Large Chai latte - 2.60, Regular Chai latte - 2.30, Large Chai latte - 2.60",7.5,CARD,5167220485027184
07/09/2021 12:20,Leeds,Polly Poulin,Regular Chai latte - 2.30,2.3,CARD,4824871605840364
07/09/2021 12:21,Leeds,Thomas Young,"Regular Speciality Tea - English breakfast - 1.30, Regular Hot Chocolate - 1.40",2.7,CARD,1632041528726880
07/09/2021 12:23,Leeds,Phillip Miesner,"Large Hot Chocolate - 1.70, Large Chai latte - 2.60, Regular Speciality Tea - English breakfast - 1.30",5.6,CARD,1359163628518717
07/09/2021 12:25,Leeds,Todd Judge,"Regular Hot Chocolate - 1.40, Large Speciality Tea - English breakfast - 1.60, Large Filter coffee - 1.80",4.8,CARD,8898175474079157
07/09/2021 12:26,Leeds,Anthony Manuel,Regular Hot Chocolate - 1.40,1.4,CASH,
07/09/2021 12:28,Leeds,Cindy Stephens,"Regular Filter coffee - 1.50, Large Filter coffee - 1.80, Regular Filter coffee - 1.50",4.8,CARD,3816176495988199
07/09/2021 12:30,Leeds,Norma Riojas,"Regular Speciality Tea - English breakfast - 1.30, Large Iced americano - 2.50",3.8,CARD,7674405124661290
07/09/2021 12:31,Leeds,Kimberly Fahey,"Large Chai latte - 2.60, Regular Hot Chocolate - 1.40, Regular Hot Chocolate - 1.40",5.4,CARD,9876570288820490
07/09/2021 12:33,Leeds,Diane Williams,"Regular Filter coffee - 1.50, Large Hot Chocolate - 1.70, Regular Speciality Tea - English breakfast - 1.30",4.5,CARD,6155009220541273
07/09/2021 12:35,Leeds,Jason Stevens,"Regular Hot Chocolate - 1.40, Large Hot Chocolate - 1.70, Large Filter coffee - 1.80, Large Chai latte - 2.60, Large Hot Chocolate - 1.70",9.2,CARD,7387869558130739
07/09/2021 12:36,Leeds,Helena Burns,"Regular Chai latte - 2.30, Large Speciality Tea - English breakfast - 1.60, Regular Hot Chocolate - 1.40, Regular Filter coffee - 1.50, Large Filter coffee - 1.80, Regular Iced americano - 2.15",10.75,CARD,2112144053116423
07/09/2021 12:38,Leeds,Alvin Williams,Large Speciality Tea - English breakfast - 1.60,1.6,CARD,3147843884241026
07/09/2021 12:40,Leeds,Shirley Smith,"Large Chai latte - 2.60, Regular Filter coffee - 1.50",4.1,CARD,1979504465349517
07/09/2021 12:41,Leeds,Thomas Harvey,Regular Iced americano - 2.15,2.15,CASH,
07/09/2021 12:43,Leeds,Danny Byrd,Large Chai latte - 2.60,2.6,CARD,7739829750536274
07/09/2021 12:45,Leeds,Ethan Gunn,Large Speciality Tea - English breakfast - 1.60,1.6,CARD,6499776038326131
07/09/2021 12:46,Leeds,Katherine Falgoust,"Regular Filter coffee - 1.50, Regular Hot Chocolate - 1.40",2.9,CASH,
07/09/2021 12:48,Leeds,Donald Elder,"Large Hot Chocolate - 1.70, Regular Iced americano - 2.15, Large Iced americano - 2.50, Regular Hot Chocolate - 1.40",7.75,CARD,8554706531109727
07/09/2021 12:50,Leeds,Karen Flores,"Large Iced americano - 2.50, Regular Chai latte - 2.30, Large Speciality Tea - English breakfast - 1.60",6.4,CARD,3492419407787064
07/09/2021 12:51,Leeds,Becky Miller,"Regular Chai latte - 2.30, Regular Speciality Tea - English breakfast - 1.30",3.6,CARD,8112516073891822
07/09/2021 12:53,Leeds,Frieda Perona,"Regular Hot Chocolate - 1.40, Large Filter coffee - 1.80",3.2,CASH,
07/09/2021 12:55,Leeds,Dolores Printup,"Regular Speciality Tea - English breakfast - 1.30, Regular Speciality Tea - English breakfast - 1.30",2.6,CARD,7755765224087781
07/09/2021 12:56,Leeds,Jerry Cummings,"Large Chai latte - 2.60, Large Filter coffee - 1.80, Regular Speciality Tea - English breakfast - 1.30, Large Iced americano - 2.50",8.2,CARD,5774311876522363
07/09/2021 12:58,Leeds,Ruth Banks,"Regular Iced americano - 2.15, Regular Filter coffee - 1.50, Regular Iced americano - 2.15",5.8,CARD,5880314784667233
07/09/2021 13:00,Leeds,Kris Houser,Large Chai latte - 2.60,2.6,CARD,7722403594962018
07/09/2021 13:00,Leeds,Barbara Ahumada,"Large Iced americano - 2.50, Regular Iced americano - 2.15",4.65,CARD,1289344332320702
07/09/2021 13:01,Leeds,Antonio Phillips,"Large Hot Chocolate - 1.70, Regular Filter coffee - 1.50, Regular Filter coffee - 1.50, Large Hot Chocolate - 1.70",6.4,CARD,9904098630431869
07/09/2021 13:02,Leeds,Daniel Harden,"Regular Iced americano - 2.15, Regular Chai latte - 2.30, Large Chai latte - 2.60",7.05,CASH,
07/09/2021 13:03,Leeds,Joyce Norris,"Regular Iced americano - 2.15, Regular Filter coffee - 1.50",3.65,CARD,9483916008754029
07/09/2021 13:04,Leeds,Ruth Sayavong,"Large Iced americano - 2.50, Regular Iced americano - 2.15, Large Chai latte - 2.60, Large Speciality Tea - English breakfast - 1.60, Large Iced americano - 2.50",11.35,CARD,1353362233827991
07/09/2021 13:05,Leeds,Robert Scott,"Regular Filter coffee - 1.50, Large Chai latte - 2.60, Regular Speciality Tea - English breakfast - 1.30",5.4,CARD,6849383063992463
07/09/2021 13:05,Leeds,Blanche Smith,Large Speciality Tea - English breakfast - 1.60,1.6,CARD,6544734425622796
07/09/2021 13:06,Leeds,Stephen Brock,Regular Filter coffee - 1.50,1.5,CARD,2038349346371325
07/09/2021 13:07,Leeds,Ruth Pittman,"Regular Chai latte - 2.30, Regular Filter coffee - 1.50",3.8,CARD,8528748346248414
07/09/2021 13:08,Leeds,Misty Clark,"Regular Chai latte - 2.30, Large Filter coffee - 1.80, Large Speciality Tea - English breakfast - 1.60, Large Filter coffee - 1.80, Large Chai latte - 2.60, Large Filter coffee - 1.80",11.9,CARD,6250965774185592
07/09/2021 13:09,Leeds,Mercedes Vann,Regular Filter coffee - 1.50,1.5,CASH,
07/09/2021 13:10,Leeds,Randy Wood,"Large Chai latte - 2.60, Large Filter coffee - 1.80, Large Filter coffee - 1.80, Regular Speciality Tea - English breakfast - 1.30, Regular Hot Chocolate - 1.40",8.9,CARD,1186222871471416
07/09/2021 13:10,Leeds,Bernie Scott,"Regular Chai latte - 2.30, Large Filter coffee - 1.80, Regular Hot Chocolate - 1.40",5.5,CARD,9400726550415690
07/09/2021 13:11,Leeds,Robert Perez,"Regular Speciality Tea - English breakfast - 1.30, Large Hot Chocolate - 1.70, Regular Filter coffee - 1.50, Regular Chai latte - 2.30",6.8,CASH,
07/09/2021 13:12,Leeds,David Monroe,Regular Chai latte - 2.30,2.3,CASH,
07/09/2021 13:13,Leeds,Jose Green,"Regular Speciality Tea - English breakfast - 1.30, Large Iced americano - 2.50, Regular Chai latte - 2.30",6.1,CARD,2064158633114633
07/09/2021 13:14,Leeds,Anna Mclaren,"Regular Speciality Tea - English breakfast - 1.30, Regular Chai latte - 2.30, Large Hot Chocolate - 1.70, Large Filter coffee - 1.80",7.1,CARD,2253805472274743
07/09/2021 13:15,Leeds,Elaine Weller,Large Iced americano - 2.50,2.5,CARD,8602521574666807
07/09/2021 13:15,Leeds,Joy Harsh,Large Chai latte - 2.60,2.6,CARD,8973879151469892
07/09/2021 13:16,Leeds,Juanita Guzman,"Regular Speciality Tea - English breakfast - 1.30, Large Chai latte - 2.60, Regular Chai latte - 2.30",6.2,CARD,7859469920395667
07/09/2021 13:17,Leeds,Janean Bernstein,"Large Filter coffee - 1.80, Large Hot Chocolate - 1.70, Large Chai latte - 2.60, Large Chai latte - 2.60, Regular Hot Chocolate - 1.40, Large Filter coffee - 1.80",11.9,CARD,8557916255271901
07/09/2021 13:18,Leeds,Eric Noble,"Large Filter coffee - 1.80, Regular Chai latte - 2.30, Large Hot Chocolate - 1.70, Regular Hot Chocolate - 1.40, Regular Iced americano - 2.15",9.35,CASH,
07/09/2021 13:19,Leeds,Jeffery Eliason,"Regular Filter coffee - 1.50, Regular Speciality Tea - English breakfast - 1.30, Large Speciality Tea - English breakfast - 1.60, Regular Iced americano - 2.15",6.55,CASH,
07/09/2021 13:20,Leeds,Marry Thong,"Large Speciality Tea - English breakfast - 1.60, Regular Chai latte - 2.30, Large Hot Chocolate - 1.70, Large Hot Chocolate - 1.70, Regular Chai latte - 2.30",9.6,CASH,
07/09/2021 13:20,Leeds,Matthew Jelks,"Regular Chai latte - 2.30, Regular Iced americano - 2.15",4.45,CARD,3180203266821277
07/09/2021 13:21,Leeds,Michael Rivera,"Regular Iced americano - 2.15, Regular Chai latte - 2.30, Regular Chai latte - 2.30, Regular Hot Chocolate - 1.40, Large Speciality Tea - English breakfast - 1.60, Large Filter coffee - 1.80",11.55,CARD,8652520479803614
07/09/2021 13:22,Leeds,Justin Richardson,"Regular Iced americano - 2.15, Large Chai latte - 2.60, Large Iced americano - 2.50, Large Hot Chocolate - 1.70, Regular Chai latte - 2.30",11.25,CARD,4956106024877485
07/09/2021 13:23,Leeds,Jeffrey Foster,"Regular Hot Chocolate - 1.40, Large Chai latte - 2.60",4.0,CASH,
07/09/2021 13:24,Leeds,Heather Eaton,"Regular Hot Chocolate - 1.40, Large Hot Chocolate - 1.70, Large Filter coffee - 1.80, Large Hot Chocolate - 1.70",6.6,CARD,2095008162111065
07/09/2021 13:25,Leeds,Mary Goss,Regular Iced americano - 2.15,2.15,CARD,4022748068790193
07/09/2021 13:25,Leeds,Gerard Tagle,Large Hot Chocolate - 1.70,1.7,CARD,6756397374941152
07/09/2021 13:26,Leeds,Rose Herceg,"Regular Chai latte - 2.30, Large Filter coffee - 1.80, Large Iced americano - 2.50, Large Iced americano - 2.50",9.1,CARD,3006535693469276
07/09/2021 13:27,Leeds,Harry Mason,"Large Iced americano - 2.50, Large Speciality Tea - English breakfast - 1.60",4.1,CARD,7488108388187596
07/09/2021 13:28,Leeds,David Johnson,"Large Chai latte - 2.60, Large Hot Chocolate - 1.70, Large Filter coffee - 1.80, Large Hot Chocolate - 1.70",7.8,CARD,9473992910106407
07/09/2021 13:29,Leeds,Gloria Lawrence,"Large Hot Chocolate - 1.70, Large Speciality Tea - English breakfast - 1.60",3.3,CARD,8910302884612864
07/09/2021 13:30,Leeds,Linda Martin,"Regular Hot Chocolate - 1.40, Regular Speciality Tea - English breakfast - 1.30, Large Hot Chocolate - 1.70",4.4,CASH,
07/09/2021 13:30,Leeds,Carol Baltz,"Large Speciality Tea - English breakfast - 1.60, Large Hot Chocolate - 1.70, Large Speciality Tea - English breakfast - 1.60",4.9,CARD,5851883903026545
07/09/2021 13:31,Leeds,Roger Chizmar,"Regular Chai latte - 2.30, Large Filter coffee - 1.80, Large Speciality Tea - English breakfast - 1.60, Large Filter coffee - 1.80",7.5,CARD,9852364293653714
07/09/2021 13:32,Leeds,Mary Avery,"Regular Speciality Tea - English breakfast - 1.30, Large Iced americano - 2.50, Large Speciality Tea - English breakfast - 1.60, Large Iced americano - 2.50, Regular Filter coffee - 1.50",9.4,CARD,2322558900655436
07/09/2021 13:33,Leeds,Nathan Grant,Large Filter coffee - 1.80,1.8,CARD,2063258584697279
07/09/2021 13:34,Leeds,Clara Harris,"Regular Speciality Tea - English breakfast - 1.30, Large Iced americano - 2.50, Large Iced americano - 2.50",6.3,CARD,4096290189378086
07/09/2021 13:35,Leeds,Claudie Rowe,Regular Hot Chocolate - 1.40,1.4,CARD,9020045654743470
07/09/2021 13:35,Leeds,Brian Cocklin,"Regular Chai latte - 2.30, Regular Filter coffee - 1.50",3.8,CASH,
07/09/2021 13:36,Leeds,Wilma Guess,"Large Chai latte - 2.60, Regular Chai latte - 2.30, Large Filter coffee - 1.80, Regular Iced americano - 2.15",8.85,CARD,9266641791436040
07/09/2021 13:37,Leeds,Muriel Radcliffe,"Regular Chai latte - 2.30, Regular Filter coffee - 1.50, Large Speciality Tea - English breakfast - 1.60",5.4,CASH,
07/09/2021 13:38,Leeds,James Fulk,"Regular Chai latte - 2.30, Regular Iced americano - 2.15, Large Filter coffee - 1.80, Large Iced americano - 2.50",8.75,CARD,3620618456532445
07/09/2021 13:39,Leeds,Margaret Repp,"Regular Iced americano - 2.15, Regular Chai latte - 2.30, Regular Filter coffee - 1.50, Regular Filter coffee - 1.50, Large Hot Chocolate - 1.70",9.15,CASH,
07/09/2021 13:40,Leeds,Teddy Shannon,"Large Chai latte - 2.60, Regular Speciality Tea - English breakfast - 1.30, Large Filter coffee - 1.80",5.7,CARD,5539511600709669
07/09/2021 13:40,Leeds,Joan Getz,"Large Chai latte - 2.60, Large Chai latte - 2.60, Regular Hot Chocolate - 1.40, Large Hot Chocolate - 1.70",8.3,CARD,4743390684871510
07/09/2021 13:41,Leeds,Christina Beauregard,"Large Speciality Tea - English breakfast - 1.60, Regular Speciality Tea - English breakfast - 1.30, Large Filter coffee - 1.80, Large Chai latte - 2.60, Regular Chai latte - 2.30, Regular Hot Chocolate - 1.40",11.0,CARD,3004772616248920
07/09/2021 13:42,Leeds,Dan Shannon,"Regular Speciality Tea - English breakfast - 1.30, Regular Chai latte - 2.30, Regular Speciality Tea - English breakfast - 1.30, Regular Hot Chocolate - 1.40",6.3,CASH,
07/09/2021 13:43,Leeds,Camilla Alanis,"Large Chai latte - 2.60, Regular Hot Chocolate - 1.40, Large Chai latte - 2.60",6.6,CARD,6132571263568132
07/09/2021 13:44,Leeds,Roy Lange,"Regular Hot Chocolate - 1.40, Regular Iced americano - 2.15, Large Hot Chocolate - 1.70, Large Chai latte - 2.60, Regular Iced americano - 2.15",10.0,CARD,3163898830748615
07/09/2021 13:45,Leeds,Sara Willis,"Large Speciality Tea - English breakfast - 1.60, Regular Iced americano - 2.15, Large Chai latte - 2.60, Regular Speciality Tea - English breakfast - 1.30, Large Speciality Tea - English breakfast - 1.60",9.25,CARD,5822783092905817
07/09/2021 13:45,Leeds,Deborah Hicks,"Regular Iced americano - 2.15, Regular Hot Chocolate - 1.40, Regular Filter coffee - 1.50, Large Filter coffee - 1.80",6.85,CARD,5141022669951207
07/09/2021 13:46,Leeds,Terry Canada,"Regular Iced americano - 2.15, Regular Speciality Tea - English breakfast - 1.30, Regular Filter coffee - 1.50",4.95,CARD,8793938202058459
07/09/2021 13:47,Leeds,Amber Lewis,"Regular Chai latte - 2.30, Regular Chai latte - 2.30",4.6,CARD,8874106855867167
07/09/2021 13:48,Leeds,John Bryant,"Large Filter coffee - 1.80, Regular Speciality Tea - English breakfast - 1.30",3.1,CASH,
07/09/2021 13:49,Leeds,Doris Grindle,"Large Speciality Tea - English breakfast - 1.60, Large Chai latte - 2.60, Regular Iced americano - 2.15, Large Iced americano - 2.50, Regular Hot Chocolate - 1.40",10.25,CARD,6927854780172089
07/09/2021 13:50,Leeds,Sam Mcclinton,"Large Chai latte - 2.60, Regular Chai latte - 2.30",4.9,CARD,3926728204926853
07/09/2021 13:50,Leeds,Nancy Hatch,"Large Filter coffee - 1.80, Regular Filter coffee - 1.50, Large Hot Chocolate - 1.70",5.0,CASH,
07/09/2021 13:51,Leeds,Angel Tudor,"Large Filter coffee - 1.80, Large Filter coffee - 1.80, Regular Speciality Tea - English breakfast - 1.30",4.9,CARD,3392149627472584
07/09/2021 13:52,Leeds,Nathan Olsen,"Large Filter coffee - 1.80, Regular Iced americano - 2.15, Regular Chai latte - 2.30, Regular Hot Chocolate - 1.40, Regular Iced americano - 2.15",9.8,CARD,5499335291899958
07/09/2021 13:53,Leeds,Robert Young,"Regular Hot Chocolate - 1.40, Regular Filter coffee - 1.50, Regular Chai latte - 2.30",5.2,CASH,
07/09/2021 13:54,Leeds,Ryan Donovan,"Large Speciality Tea - English breakfast - 1.60, Large Hot Chocolate - 1.70, Regular Iced americano - 2.15, Large Filter coffee - 1.80",7.25,CARD,7252816607306324
07/09/2021 13:55,Leeds,Mary Ruff,"Large Iced americano - 2.50, Large Filter coffee - 1.80, Large Iced americano - 2.50",6.8,CARD,1886594856275020
07/09/2021 13:55,Leeds,Robin Hamelin,Large Hot Chocolate - 1.70,1.7,CARD,7062062305190799
07/09/2021 13:56,Leeds,Barbara Ciciora,"Large Chai latte - 2.60, Large Speciality Tea - English breakfast - 1.60, Large Iced americano - 2.50, Regular Chai latte - 2.30, Regular Chai latte - 2.30",11.3,CARD,7729664279631297
07/09/2021 13:57,Leeds,Mamie Brunton,"Large Speciality Tea - English breakfast - 1.60, Large Speciality Tea - English breakfast - 1.60",3.2,CARD,7343076622506777
07/09/2021 13:58,Leeds,Micheal Drew,"Large Chai latte - 2.60, Regular Chai latte - 2.30",4.9,CARD,9634212153965250
07/09/2021 13:59,Leeds,Blanca Porter,"Regular Chai latte - 2.30, Regular Speciality Tea - English breakfast - 1.30",3.6,CARD,2771880180483561
07/09/2021 14:00,Leeds,Scott Nelson,"Large Filter coffee - 1.80, Large Chai latte - 2.60",4.4,CASH,
07/09/2021 14:01,Leeds,Willie Lopez,"Regular Filter coffee - 1.50, Regular Hot Chocolate - 1.40, Regular Chai latte - 2.30",5.2,CASH,
07/09/2021 14:02,Leeds,Tamara Gilbert,"Large Speciality Tea - English breakfast - 1.60, Large Filter coffee - 1.80",3.4,CASH,
07/09/2021 14:02,Leeds,Amparo Porath,"Large Speciality Tea - English breakfast - 1.60, Large Speciality Tea - English breakfast - 1.60",3.2,CARD,9642451028343425
07/09/2021 14:03,Leeds,Arnold Teeter,"Regular Filter coffee - 1.50, Regular Chai latte - 2.30, Large Filter coffee - 1.80, Large Filter coffee - 1.80, Regular Hot Chocolate - 1.40",8.8,CARD,7532292418117286
07/09/2021 14:04,Leeds,Michael Haymaker,Large Filter coffee - 1.80,1.8,CARD,8961315474886044
07/09/2021 14:05,Leeds,Linda Garo,"Large Filter coffee - 1.80, Regular Filter coffee - 1.50, Regular Chai latte - 2.30",5.6,CASH,
07/09/2021 14:06,Leeds,Floyd Wentzel,Regular Filter coffee - 1.50,1.5,CARD,6673322282200136
07/09/2021 14:07,Leeds,Charles Tran,"Regular Speciality Tea - English breakfast - 1.30, Regular Chai latte - 2.30",3.6,CASH,
07/09/2021 14:08,Leeds,Joseph Heady,"Regular Filter coffee - 1.50, Regular Chai latte - 2.30, Large Chai latte - 2.60, Regular Speciality Tea - English breakfast - 1.30",7.7,CARD,9647943887674439
07/09/2021 14:09,Leeds,Julie Popham,Regular Speciality Tea - English breakfast - 1.30,1.3,CASH,
07/09/2021 14:10,Leeds,Irma Pech,"Regular Filter coffee - 1.50, Large Speciality Tea - English breakfast - 1.60, Regular Filter coffee - 1.50, Regular Chai latte - 2.30, Large Filter coffee - 1.80",8.7,CASH,
07/09/2021 14:11,Leeds,Cynthia Dumire,"Regular Filter coffee - 1.50, Regular Speciality Tea - English breakfast - 1.30",2.8,CARD,8786176363752082
07/09/2021 14:12,Leeds,Jennifer Anderson,"Regular Speciality Tea - English breakfast - 1.30, Large Filter coffee - 1.80, Regular Chai latte - 2.30",5.4,CARD,3602393264889606
07/09/2021 14:13,Leeds,Roderick Sandell,"Regular Iced americano - 2.15, Regular Hot Chocolate - 1.40, Large Hot Chocolate - 1.70, Regular Filter coffee - 1.50, Regular Filter coffee - 1.50",8.25,CARD,7506678843464597
07/09/2021 14:14,Leeds,Sean Johnson,"Regular Filter coffee - 1.50, Regular Iced americano - 2.15, Regular Iced americano - 2.15, Regular Filter coffee - 1.50",7.3,CARD,6590040166731549
07/09/2021 14:15,Leeds,Clinton Gonzales,"Regular Filter coffee - 1.50, Large Iced americano - 2.50",4.0,CARD,9580661695353509
07/09/2021 14:16,Leeds,Justin Smith,"Regular Hot Chocolate - 1.40, Large Chai latte - 2.60",4.0,CASH,
07/09/2021 14:17,Leeds,Billy Pomerleau,"Large Chai latte - 2.60, Large Filter coffee - 1.80, Regular Chai latte - 2.30",6.7,CARD,8239283634325427
07/09/2021 14:18,Leeds,Timothy Collins,"Regular Chai latte - 2.30, Large Filter coffee - 1.80",4.1,CARD,9511480947101754
07/09/2021 14:19,Leeds,Jennifer Sullivan,"Large Filter coffee - 1.80, Regular Chai latte - 2.30, Large Filter coffee - 1.80",5.9,CARD,1646844533161858
07/09/2021 14:20,Leeds,Christopher Rankins,"Regular Speciality Tea - English breakfast - 1.30, Large Filter coffee - 1.80, Large Filter coffee - 1.80, Regular Hot Chocolate - 1.40, Large Hot Chocolate - 1.70",8.0,CARD,8063328138727706
07/09/2021 14:21,Leeds,Stella Hart,"Large Iced americano - 2.50, Regular Filter coffee - 1.50, Large Iced americano - 2.50, Large Chai latte - 2.60",9.1,CARD,5594779513327812
07/09/2021 14:21,Leeds,Ricky Ballard,Regular Iced americano - 2.15,2.15,CARD,8490989281907719
07/09/2021 14:22,Leeds,Dorothy Kearsley,"Regular Chai latte - 2.30, Large Iced americano - 2.50",4.8,CARD,8304500405372564
07/09/2021 14:23,Leeds,Eric Rogers,Regular Filter coffee - 1.50,1.5,CASH,
07/09/2021 14:24,Leeds,Roger Spencer,"Regular Iced americano - 2.15, Regular Chai latte - 2.30",4.45,CARD,8333795426779446
07/09/2021 14:25,Leeds,Glen Meadors,Regular Hot Chocolate - 1.40,1.4,CARD,4628575637497324
07/09/2021 14:26,Leeds,Tami Gonzales,"Large Filter coffee - 1.80, Large Iced americano - 2.50, Large Chai latte - 2.60",6.9,CARD,2108506694200050
07/09/2021 14:27,Leeds,Eileen Hernandez,"Regular Filter coffee - 1.50, Large Speciality Tea - English breakfast - 1.60, Regular Hot Chocolate - 1.40",4.5,CARD,2617119843777314
07/09/2021 14:28,Leeds,Carrie Tobler,Regular Hot Chocolate - 1.40,1.4,CASH,
07/09/2021 14:29,Leeds,Norman Wales,Large Chai latte - 2.60,2.6,CARD,2494798124099560
07/09/2021 14:30,Leeds,Lakeisha Hansen,"Regular Filter coffee - 1.50, Regular Chai latte - 2.30",3.8,CARD,5609605162818110
07/09/2021 14:31,Leeds,Vernon Armstead,"Large Chai latte - 2.60, Regular Speciality Tea - English breakfast - 1.30, Large Iced americano - 2.50, Large Filter coffee - 1.80, Large Hot Chocolate - 1.70",9.9,CARD,7403994963778480
07/09/2021 14:32,Leeds,Joe Forshee,"Large Filter coffee - 1.80, Large Filter coffee - 1.80, Regular Chai latte - 2.30, Regular Filter coffee - 1.50, Regular Iced americano - 2.15",9.55,CASH,
07/09/2021 14:33,Leeds,Kristy Gordon,"Regular Chai latte - 2.30, Large Filter coffee - 1.80, Large Chai latte - 2.60",6.7,CARD,5337020883012330
07/09/2021 14:34,Leeds,Mickey Allen,"Regular Hot Chocolate - 1.40, Regular Speciality Tea - English breakfast - 1.30",2.7,CARD,7760513858682082
07/09/2021 14:35,Leeds,Earnest Mora,Large Hot Chocolate - 1.70,1.7,CARD,3087176894116166
07/09/2021 14:36,Leeds,Tonja Stennett,"Regular Chai latte - 2.30, Large Hot Chocolate - 1.70, Regular Speciality Tea - English breakfast - 1.30, Regular Filter coffee - 1.50",6.8,CARD,7309721504997390
07/09/2021 14:37,Leeds,Jeanette Rivera,"Regular Chai latte - 2.30, Regular Chai latte - 2.30, Regular Filter coffee - 1.50",6.1,CARD,1004079659534034
07/09/2021 14:38,Leeds,Ernest Farr,"Regular Speciality Tea - English breakfast - 1.30, Large Filter coffee - 1.80",3.1,CARD,7784478277678160
07/09/2021 14:39,Leeds,Lucille Palmer,"Large Iced americano - 2.50, Large Filter coffee - 1.80",4.3,CASH,
07/09/2021 14:40,Leeds,Brian Smith,Regular Chai latte - 2.30,2.3,CASH,
07/09/2021 14:40,Leeds,Robert Lee,"Regular Speciality Tea - English breakfast - 1.30, Regular Filter coffee - 1.50",2.8,CARD,2513162918127345
07/09/2021 14:41,Leeds,Clifton Chambers,"Large Chai latte - 2.60, Regular Filter coffee - 1.50, Regular Hot Chocolate - 1.40, Regular Chai latte - 2.30, Regular Filter coffee - 1.50",9.3,CARD,1774246090272827
07/09/2021 14:42,Leeds,Rose Hobdy,"Large Hot Chocolate - 1.70, Regular Filter coffee - 1.50",3.2,CARD,6226286684240925
07/09/2021 14:43,Leeds,Patrick Fulkerson,Regular Hot Chocolate - 1.40,1.4,CASH,
07/09/2021 14:44,Leeds,Dolores Brandon,"Regular Chai latte - 2.30, Large Hot Chocolate - 1.70, Large Iced americano - 2.50, Large Hot Chocolate - 1.70, Regular Hot Chocolate - 1.40",9.6,CASH,
07/09/2021 14:45,Leeds,Cindy Botello,"Large Speciality Tea - English breakfast - 1.60, Large Speciality Tea - English breakfast - 1.60, Regular Hot Chocolate - 1.40",4.6,CARD,1702572175302519
07/09/2021 14:46,Leeds,Darrell Mullins,"Large Speciality Tea - English breakfast - 1.60, Large Speciality Tea - English breakfast - 1.60, Regular Hot Chocolate - 1.40",4.6,CARD,3607845264688501
07/09/2021 14:47,Leeds,Frank Shaffer,"Large Speciality Tea - English breakfast - 1.60, Regular Speciality Tea - English breakfast - 1.30, Large Iced americano - 2.50, Regular Speciality Tea - English breakfast - 1.30",6.7,CASH,
07/09/2021 14:48,Leeds,John Akins,Large Iced americano - 2.50,2.5,CARD,7485955600545114
07/09/2021 14:49,Leeds,Michael Simpson,"Regular Speciality Tea - English breakfast - 1.30, Regular Filter coffee - 1.50",2.8,CARD,6828919689597600
07/09/2021 14:50,Leeds,Angela Verner,"Large Iced americano - 2.50, Large Filter coffee - 1.80, Large Iced americano - 2.50",6.8,CARD,3571807030107411
07/09/2021 14:51,Leeds,Frank Sandoval,"Large Filter coffee - 1.80, Large Hot Chocolate - 1.70",3.5,CARD,3112020521374679
07/09/2021 14:52,Leeds,Mabel Meyer,"Regular Chai latte - 2.30, Large Iced americano - 2.50",4.8,CASH,
07/09/2021 14:53,Leeds,Christopher Holden,Large Speciality Tea - English breakfast - 1.60,1.6,CASH,
07/09/2021 14:54,Leeds,Santiago Bibbins,"Regular Speciality Tea - English breakfast - 1.30, Regular Chai latte - 2.30, Regular Speciality Tea - English breakfast - 1.30",4.9,CARD,2654289413560526
07/09/2021 14:55,Leeds,Jaclyn Head,Large Speciality Tea - English breakfast - 1.60,1.6,CASH,
07/09/2021 14:56,Leeds,Jillian Appel,"Large Chai latte - 2.60, Large Chai latte - 2.60",5.2,CARD,4852133570956882
07/09/2021 14:57,Leeds,Clarence Horn,"Regular Iced americano - 2.15, Regular Iced americano - 2.15",4.3,CASH,
07/09/2021 14:58,Leeds,James Branch,"Large Chai latte - 2.60, Large Speciality Tea - English breakfast - 1.60, Regular Hot Chocolate - 1.40, Large Chai latte - 2.60, Regular Speciality Tea - English breakfast - 1.30, Large Filter coffee - 1.80",11.3,CARD,5360312418074072
07/09/2021 14:59,Leeds,Ines Klopfenstein,"Large Chai latte - 2.60, Regular Chai latte - 2.30, Large Filter coffee - 1.80, Regular Speciality Tea - English breakfast - 1.30, Regular Chai latte - 2.30, Large Iced americano - 2.50",12.8,CARD,1374240975472902
07/09/2021 14:59,Leeds,Ann Shutt,"Regular Chai latte - 2.30, Regular Speciality Tea - English breakfast - 1.30",3.6,CASH,
07/09/2021 15:00,Leeds,Corey Tirado,"Large Hot Chocolate - 1.70, Regular Chai latte - 2.30",4.0,CARD,6761451632074001
07/09/2021 15:01,Leeds,Gladys Stewart,Regular Hot Chocolate - 1.40,1.4,CASH,
07/09/2021 15:02,Leeds,Richard Waddington,Regular Iced americano - 2.15,2.15,CASH,
07/09/2021 15:03,Leeds,Lisa Fordyce,"Large Hot Chocolate - 1.70, Regular Iced americano - 2.15, Regular Hot Chocolate - 1.40",5.25,CARD,7331787192600474
07/09/2021 15:04,Leeds,Erma Riley,"Large Chai latte - 2.60, Large Hot Chocolate - 1.70, Large Filter coffee - 1.80",6.1,CASH,
07/09/2021 15:05,Leeds,Erin Holtgrewe,"Large Speciality Tea - English breakfast - 1.60, Large Iced americano - 2.50, Large Hot Chocolate - 1.70",5.8,CARD,3259389982280027
07/09/2021 15:06,Leeds,Debra Wise,Large Speciality Tea - English breakfast - 1.60,1.6,CARD,2273452982758669
07/09/2021 15:07,Leeds,Henry King,"Regular Hot Chocolate - 1.40, Large Filter coffee - 1.80",3.2,CARD,7462921715970288
07/09/2021 15:07,Leeds,Andrew Sheridan,"Regular Filter coffee - 1.50, Large Hot Chocolate - 1.70, Large Iced americano - 2.50, Regular Filter coffee - 1.50, Large Iced americano - 2.50",9.7,CARD,6516894216775945
07/09/2021 15:08,Leeds,Morgan Phillips,Large Filter coffee - 1.80,1.8,CARD,9359822813735119
07/09/2021 15:09,Leeds,Albert Kuehnle,"Regular Chai latte - 2.30, Large Iced americano - 2.50, Regular Speciality Tea - English breakfast - 1.30, Large Iced americano - 2.50, Regular Hot Chocolate - 1.40",10.0,CASH,
07/09/2021 15:10,Leeds,Tristan Coleman,"Regular Filter coffee - 1.50, Large Hot Chocolate - 1.70, Regular Hot Chocolate - 1.40, Regular Iced americano - 2.15, Regular Filter coffee - 1.50",8.25,CARD,8834304220504587
07/09/2021 15:11,Leeds,Mark Lowe,Large Chai latte - 2.60,2.6,CARD,9239698444256383
07/09/2021 15:12,Leeds,Merle Maasch,"Large Filter coffee - 1.80, Regular Chai latte - 2.30",4.1,CASH,
07/09/2021 15:13,Leeds,Robert Rider,"Regular Filter coffee - 1.50, Large Speciality Tea - English breakfast - 1.60, Regular Speciality Tea - English breakfast - 1.30",4.4,CARD,1727009170464043
07/09/2021 15:14,Leeds,Mary Bernstein,Regular Chai latte - 2.30,2.3,CASH,
07/09/2021 15:14,Leeds,Kenneth Gonzales,"Regular Chai latte - 2.30, Large Chai latte - 2.60",4.9,CARD,5745974000912302
07/09/2021 15:15,Leeds,Jay Sanders,Regular Speciality Tea - English breakfast - 1.30,1.3,CARD,9387437934948641
07/09/2021 15:16,Leeds,Tammy Montoya,"Large Hot Chocolate - 1.70, Large Chai latte - 2.60, Regular Speciality Tea - English breakfast - 1.30, Regular Iced americano - 2.15",7.75,CARD,1031696062003933
07/09/2021 15:17,Leeds,Harley Sherlock,"Regular Filter coffee - 1.50, Large Iced americano - 2.50, Regular Chai latte - 2.30, Regular Hot Chocolate - 1.40",7.7,CARD,8390630648584696
07/09/2021 15:18,Leeds,Adele Amos,"Regular Speciality Tea - English breakfast - 1.30, Regular Hot Chocolate - 1.40, Regular Hot Chocolate - 1.40, Large Filter coffee - 1.80, Large Filter coffee - 1.80",7.7,CARD,7526203653627443
07/09/2021 15:19,Leeds,Nicholas Crate,"Regular Speciality Tea - English breakfast - 1.30, Large Hot Chocolate - 1.70, Large Chai latte - 2.60, Regular Speciality Tea - English breakfast - 1.30",6.9,CASH,
07/09/2021 15:20,Leeds,Henry Charles,Regular Filter coffee - 1.50,1.5,CARD,8454516282009300
07/09/2021 15:21,Leeds,Catina Wu,"Large Iced americano - 2.50, Regular Hot Chocolate - 1.40",3.9,CARD,2819780168354874
07/09/2021 15:22,Leeds,Lucinda Blackwell,Regular Filter coffee - 1.50,1.5,CARD,9205066834900766
07/09/2021 15:22,Leeds,Arthur Brescia,Regular Chai latte - 2.30,2.3,CASH,
07/09/2021 15:23,Leeds,Douglas Lara,Regular Hot Chocolate - 1.40,1.4,CASH,
07/09/2021 15:24,Leeds,Lewis Spears,"Large Chai latte - 2.60, Regular Iced americano - 2.15, Large Chai latte - 2.60, Regular Hot Chocolate - 1.40",8.75,CASH,
07/09/2021 15:25,Leeds,Jennifer Lucero,"Regular Speciality Tea - English breakfast - 1.30, Regular Chai latte - 2.30, Regular Speciality Tea - English breakfast - 1.30, Large Filter coffee - 1.80, Large Chai latte - 2.60",9.3,CARD,2120006343869983
07/09/2021 15:26,Leeds,Felisha Cerda,Large Iced americano - 2.50,2.5,CASH,
07/09/2021 15:27,Leeds,John Toscano,"Large Speciality Tea - English breakfast - 1.60, Large Chai latte - 2.60, Regular Chai latte - 2.30",6.5,CARD,4501676767996715
07/09/2021 15:28,Leeds,Shawn Lee,"Regular Speciality Tea - English breakfast - 1.30, Regular Filter coffee - 1.50",2.8,CARD,2053437004432922
07/09/2021 15:29,Leeds,Dolores Fitz,"Large Chai latte - 2.60, Large Speciality Tea - English breakfast - 1.60",4.2,CARD,3581949047504149
07/09/2021 15:29,Leeds,Cory Shipman,"Regular Chai latte - 2.30, Regular Speciality Tea - English breakfast - 1.30",3.6,CARD,7535568034735789
07/09/2021 15:30,Leeds,Rudolph Perez,"Regular Filter coffee - 1.50, Regular Filter coffee - 1.50, Large Hot Chocolate - 1.70, Regular Iced americano - 2.15",6.85,CASH,
07/09/2021 15:31,Leeds,Dianna Williams,"Large Chai latte - 2.60, Regular Filter coffee - 1.50",4.1,CARD,3705791425176494
07/09/2021 15:32,Leeds,Sherice Krause,"Large Speciality Tea - English breakfast - 1.60, Regular Chai latte - 2.30",3.9,CARD,7239814949020317
07/09/2021 15:33,Leeds,John Hines,"Regular Speciality Tea - English breakfast - 1.30, Regular Filter coffee - 1.50, Large Filter coffee - 1.80",4.6,CARD,5968103429091919
07/09/2021 15:34,Leeds,Jenifer Grijalva,Large Filter coffee - 1.80,1.8,CARD,4582989510064572
07/09/2021 15:35,Leeds,James Craiger,"Regular Filter coffee - 1.50, Large Hot Chocolate - 1.70, Large Filter coffee - 1.80, Large Filter coffee - 1.80",6.8,CARD,9930548213527707
07/09/2021 15:36,Leeds,Pearl Mellinger,"Regular Filter coffee - 1.50, Large Filter coffee - 1.80",3.3,CARD,1982485863187361
07/09/2021 15:36,Leeds,Richard Bennett,"Regular Chai latte - 2.30, Regular Filter coffee - 1.50, Regular Iced americano - 2.15, Regular Iced americano - 2.15",8.1,CASH,
07/09/2021 15:37,Leeds,Margaret Butler,"Regular Chai latte - 2.30, Regular Chai latte - 2.30, Large Chai latte - 2.60",7.2,CASH,
07/09/2021 15:38,Leeds,Corey Hernandez,Regular Filter coffee - 1.50,1.5,CARD,7641449370479970
07/09/2021 15:39,Leeds,Christopher Deangelis,"Regular Hot Chocolate - 1.40, Large Iced americano - 2.50, Large Iced americano - 2.50",6.4,CARD,2715410014719217
07/09/2021 15:40,Leeds,Gladys Newland,"Large Hot Chocolate - 1.70, Regular Filter coffee - 1.50, Large Filter coffee - 1.80, Regular Filter coffee - 1.50, Regular Speciality Tea - English breakfast - 1.30, Large Chai latte - 2.60",10.4,CASH,
07/09/2021 15:41,Leeds,Deon Baughman,"Large Iced americano - 2.50, Regular Hot Chocolate - 1.40",3.9,CARD,2097548931877928
07/09/2021 15:42,Leeds,Ray Terry,"Regular Hot Chocolate - 1.40, Regular Iced americano - 2.15, Regular Hot Chocolate - 1.40, Regular Hot Chocolate - 1.40, Regular Iced americano - 2.15",8.5,CASH,
07/09/2021 15:43,Leeds,Anna Minihane,Regular Iced americano - 2.15,2.15,CARD,9727524165465922
07/09/2021 15:43,Leeds,Cathrine Winters,"Regular Filter coffee - 1.50, Large Hot Chocolate - 1.70, Large Hot Chocolate - 1.70, Large Hot Chocolate - 1.70",6.6,CARD,4953946124695166
07/09/2021 15:44,Leeds,Harvey White,"Large Chai latte - 2.60, Regular Chai latte - 2.30",4.9,CARD,2922744407114697
07/09/2021 15:45,Leeds,Janis Corbett,Large Iced americano - 2.50,2.5,CARD,6165650086712761
07/09/2021 15:46,Leeds,James Martinez,"Large Speciality Tea - English breakfast - 1.60, Large Speciality Tea - English breakfast - 1.60, Large Iced americano - 2.50, Large Speciality Tea - English breakfast - 1.60, Large Chai latte - 2.60, Large Filter coffee - 1.80",11.7,CASH,
07/09/2021 15:47,Leeds,Roland Hayden,"Large Hot Chocolate - 1.70, Large Filter coffee - 1.80, Large Speciality Tea - English breakfast - 1.60, Large Hot Chocolate - 1.70, Large Hot Chocolate - 1.70",8.5,CARD,6877754891741862
07/09/2021 15:48,Leeds,Robert Chambers,"Regular Filter coffee - 1.50, Large Hot Chocolate - 1.70",3.2,CASH,
07/09/2021 15:49,Leeds,Jill Tunney,Large Filter coffee - 1.80,1.8,CASH,
07/09/2021 15:50,Leeds,William Moore,"Regular Hot Chocolate - 1.40, Regular Chai latte - 2.30, Regular Iced americano - 2.15, Large Hot Chocolate - 1.70",7.55,CARD,5919330066742020
07/09/2021 15:50,Leeds,Charles Winkler,Regular Iced americano - 2.15,2.15,CARD,5971470936835375
07/09/2021 15:51,Leeds,Tyler Terrell,"Large Hot Chocolate - 1.70, Regular Chai latte - 2.30, Regular Filter coffee - 1.50",5.5,CARD,6683341127846744
07/09/2021 15:52,Leeds,Alice Maldonado,"Large Hot Chocolate - 1.70, Regular Chai latte - 2.30, Large Iced americano - 2.50",6.5,CARD,9251840325648597
07/09/2021 15:53,Leeds,Charline Edwards,"Large Filter coffee - 1.80, Regular Chai latte - 2.30",4.1,CARD,9927145361746783
07/09/2021 15:54,Leeds,Ruth Wilkinson,"Large Speciality Tea - English breakfast - 1.60, Large Chai latte - 2.60, Large Hot Chocolate - 1.70, Large Chai latte - 2.60, Large Filter coffee - 1.80",10.3,CARD,6705740363151304
07/09/2021 15:55,Leeds,Stephen Young,"Large Chai latte - 2.60, Regular Filter coffee - 1.50, Large Filter coffee - 1.80",5.9,CARD,8705266863273193
07/09/2021 15:56,Leeds,Donna Moreno,"Large Chai latte - 2.60, Regular Hot Chocolate - 1.40",4.0,CARD,4919291968483517
07/09/2021 15:57,Leeds,Raymond Stanley,"Large Iced americano - 2.50, Regular Filter coffee - 1.50",4.0,CARD,2312087408712779
07/09/2021 15:58,Leeds,Charles Happenny,"Large Filter coffee - 1.80, Regular Hot Chocolate - 1.40",3.2,CARD,9682927662758238
07/09/2021 15:58,Leeds,Daniel Smith,Large Iced americano - 2.50,2.5,CARD,4768762178015059
07/09/2021 15:59,Leeds,Phillip Floresca,"Large Speciality Tea - English breakfast - 1.60, Large Filter coffee - 1.80",3.4,CASH,
07/09/2021 16:00,Leeds,Arthur Mikkelsen,Regular Speciality Tea - English breakfast - 1.30,1.3,CARD,5993854017703929
07/09/2021 16:02,Leeds,Carol Reed,"Regular Iced americano - 2.15, Large Iced americano - 2.50, Regular Filter coffee - 1.50, Large Filter coffee - 1.80, Regular Chai latte - 2.30, Large Filter coffee - 1.80",12.05,CARD,7743212280880264
07/09/2021 16:04,Leeds,James Nelson,"Large Hot Chocolate - 1.70, Regular Speciality Tea - English breakfast - 1.30, Regular Filter coffee - 1.50",4.5,CARD,5793431893807340
07/09/2021 16:05,Leeds,Timmy Joseph,Large Iced americano - 2.50,2.5,CARD,6798901267901343
07/09/2021 16:07,Leeds,Tynisha Gaines,"Large Speciality Tea - English breakfast - 1.60, Large Hot Chocolate - 1.70",3.3,CASH,
07/09/2021 16:09,Leeds,Penny Whisnant,"Large Chai latte - 2.60, Regular Speciality Tea - English breakfast - 1.30, Large Speciality Tea - English breakfast - 1.60",5.5,CARD,1816283623884669
07/09/2021 16:11,Leeds,Gary Meese,"Large Speciality Tea - English breakfast - 1.60, Regular Filter coffee - 1.50, Regular Hot Chocolate - 1.40",4.5,CASH,
07/09/2021 16:12,Leeds,Stephanie Richardson,Large Filter coffee - 1.80,1.8,CARD,4590027407319255
07/09/2021 16:14,Leeds,Omar Howe,"Regular Chai latte - 2.30, Large Hot Chocolate - 1.70, Large Hot Chocolate - 1.70, Large Hot Chocolate - 1.70, Regular Chai latte - 2.30",9.7,CASH,
07/09/2021 16:16,Leeds,Marie Meredith,"Large Hot Chocolate - 1.70, Large Chai latte - 2.60, Regular Hot Chocolate - 1.40",5.7,CASH,
07/09/2021 16:18,Leeds,Carole Porter,"Regular Hot Chocolate - 1.40, Large Iced americano - 2.50",3.9,CARD,4604111867125659
07/09/2021 16:19,Leeds,Kent Bob,"Large Filter coffee - 1.80, Large Speciality Tea - English breakfast - 1.60, Regular Chai latte - 2.30, Large Chai latte - 2.60, Regular Chai latte - 2.30, Regular Filter coffee - 1.50",12.1,CARD,6744349635079378
07/09/2021 16:21,Leeds,Kenneth Martinez,"Regular Filter coffee - 1.50, Large Chai latte - 2.60",4.1,CARD,5745928004750070
07/09/2021 16:23,Leeds,Willie Roehrig,Large Filter coffee - 1.80,1.8,CARD,8223541431559682
07/09/2021 16:25,Leeds,Michael Conder,Regular Chai latte - 2.30,2.3,CASH,
07/09/2021 16:26,Leeds,Barbara Gartin,"Large Iced americano - 2.50, Regular Filter coffee - 1.50, Regular Speciality Tea - English breakfast - 1.30, Large Iced americano - 2.50, Large Chai latte - 2.60, Large Filter coffee - 1.80",12.2,CASH,
07/09/2021 16:28,Leeds,Joshua Martin,"Large Chai latte - 2.60, Large Iced americano - 2.50, Large Iced americano - 2.50, Regular Iced americano - 2.15, Regular Speciality Tea - English breakfast - 1.30",11.05,CARD,7635849640244910
07/09/2021 16:30,Leeds,Bobby Macdonald,Regular Iced americano - 2.15,2.15,CARD,5838401685970012
07/09/2021 16:32,Leeds,Alicia Fultz,"Regular Filter coffee - 1.50, Large Hot Chocolate - 1.70, Large Iced americano - 2.50",5.7,CARD,5862828184806132
07/09/2021 16:33,Leeds,Yolanda Lunstrum,"Regular Filter coffee - 1.50, Regular Hot Chocolate - 1.40, Regular Iced americano - 2.15, Regular Filter coffee - 1.50",6.55,CARD,1132305746519057
07/09/2021 16:35,Leeds,Connie Jordan,"Regular Iced americano - 2.15, Large Iced americano - 2.50",4.65,CARD,3921200243972759
07/09/2021 16:37,Leeds,Tiffany Berry,"Regular Hot Chocolate - 1.40, Large Speciality Tea - English breakfast - 1.60",3.0,CARD,5806756434328484
07/09/2021 16:39,Leeds,Brian Bumpus,"Large Hot Chocolate - 1.70, Large Chai latte - 2.60, Regular Hot Chocolate - 1.40, Large Hot Chocolate - 1.70, Regular Speciality Tea - English breakfast - 1.30",8.7,CASH,
07/09/2021 16:41,Leeds,Josephine Wellington,"Regular Speciality Tea - English breakfast - 1.30, Large Hot Chocolate - 1.70",3.0,CASH,
07/09/2021 16:42,Leeds,Anita Johnson,"Regular Filter coffee - 1.50, Large Hot Chocolate - 1.70",3.2,CARD,6947432740762159
07/09/2021 16:44,Leeds,Petra Carnillo,"Large Filter coffee - 1.80, Large Filter coffee - 1.80, Regular Chai latte - 2.30, Regular Chai latte - 2.30",8.2,CARD,7042781180122564
07/09/2021 16:46,Leeds,Laurie Alley,"Regular Filter coffee - 1.50, Regular Chai latte - 2.30",3.8,CARD,7464819176177779
07/09/2021 16:48,Leeds,Michael Martinez,Regular Hot Chocolate - 1.40,1.4,CASH,
07/09/2021 16:49,Leeds,Paulette Johnson,Large Speciality Tea - English breakfast - 1.60,1.6,CARD,4943254255625997
07/09/2021 16:51,Leeds,Joyce Royster,"Large Hot Chocolate - 1.70, Large Iced americano - 2.50, Regular Iced americano - 2.15, Large Hot Chocolate - 1.70",8.05,CARD,8540596231008589
07/09/2021 16:53,Leeds,Raul Simmons,"Regular Speciality Tea - English breakfast - 1.30, Regular Filter coffee - 1.50, Regular Filter coffee - 1.50",4.3,CASH,
07/09/2021 16:55,Leeds,Eric Paradis,Regular Filter coffee - 1.50,1.5,CASH,
07/09/2021 16:56,Leeds,Donald Kendrick,"Regular Chai latte - 2.30, Regular Filter coffee - 1.50",3.8,CARD,6328285662968948
07/09/2021 16:58,Leeds,Cecelia Lockhart,Large Chai latte - 2.60,2.6,CARD,7240039593923255
